====================================================================================================
BENCHMARK 2.2: LATENCY VS CONCURRENCY
====================================================================================================

Users      Avg (ms)     P50          P90          P99          Failed    
----------------------------------------------------------------------------------------------------
1          0.000        0.000        0.000        0.000        0         
2          0.000        0.000        0.000        0.000        0         
5          0.000        0.000        0.000        0.000        0         
10         0.000        0.000        0.000        0.000        0         
50         0.000        0.000        0.000        0.000        0         
100        0.000        0.000        0.000        0.000        0         
1000       0.000        0.000        0.000        0.000        0         